================================================
posterior after first E step:  
[[  2.34220818e-01   2.55466183e-03   4.82605453e-01   2.80619067e-01]
 [  5.87715682e-03   2.38072298e-03   7.73468657e-01   2.18273463e-01]
 [  1.63876013e-01   2.35233275e-01   1.96339225e-01   4.04551488e-01]
 [  2.38747663e-02   1.01361398e-01   5.15581992e-01   3.59181843e-01]
 [  4.69028485e-02   1.10475444e-02   8.45407598e-01   9.66420093e-02]
 [  2.65551679e-04   2.55171993e-01   4.38841867e-01   3.05720589e-01]
 [  4.01337614e-01   2.54532206e-03   1.94779449e-01   4.01337614e-01]
 [  3.24984520e-02   1.37973645e-01   4.88920131e-01   3.40607772e-01]
 [  1.10406518e-02   6.41977290e-03   4.91269788e-01   4.91269788e-01]
 [  2.27790286e-02   2.86034725e-01   4.91919241e-01   1.99267006e-01]
 [  3.56037605e-02   1.44223973e-02   7.68872772e-01   1.81101071e-01]
 [  2.52077300e-01   3.29407396e-03   1.22339586e-01   6.22289041e-01]
 [  6.47677668e-03   1.27330890e-03   8.52382182e-01   1.39867732e-01]
 [  4.80170001e-03   2.44241900e-02   2.13658594e-01   7.57115516e-01]
 [  1.00297753e-03   5.10171684e-03   8.04421137e-01   1.89474169e-01]
 [  5.63356627e-03   2.28204914e-03   7.41410697e-01   2.50673688e-01]
 [  3.23766656e-02   1.97309933e-01   4.87087926e-01   2.83225476e-01]
 [  1.48746051e-02   2.03721531e-03   3.21221092e-01   6.61867088e-01]
 [  2.99274762e-02   1.01185899e-02   3.13662047e-01   6.46291887e-01]
 [  2.11954376e-02   2.90291203e-03   3.18872915e-01   6.57028735e-01]]
LL after first E step:  -153.521305912
================================================
Mu after first M step:  
[[ 1.98227213  4.89053336  4.          0.          1.43219606]
 [ 2.21945095  0.          2.          3.88002744  2.7826675 ]
 [ 2.59572979  4.70437727  3.41980019  3.88441657  3.01404835]
 [ 2.16524204  4.69946455  3.59591435  4.20779062  2.21493785]]
P after first M step:  [ 0.06733216  0.06519447  0.49315312  0.37432025]
Var after first M step:  
[[ 1.66124241]
 [ 1.8945951 ]
 [ 0.68875066]
 [ 0.73390088]]
================================================
================================================
Mu:  
[[ 1.98227213  4.89053336  4.          0.          1.43219606]
 [ 2.21945095  0.          2.          3.88002744  2.7826675 ]
 [ 2.50771714  4.60556438  3.65435643  4.00805529  3.07518417]
 [ 1.98128034  4.99031767  3.10120451  3.95268372  1.12700027]]
P:  [  9.15192870e-22   6.77625342e-26   7.48568207e-01   2.51431793e-01]
Var:  
[[ 0.25      ]
 [ 2.13200276]
 [ 0.71068608]
 [ 0.25      ]]
post:  
[[  3.63442627e-22   1.81916779e-29   2.59830092e-01   7.40169908e-01]
 [  1.49769041e-37   3.24399793e-29   9.99596114e-01   4.03886493e-04]
 [  3.23116796e-29   7.18194223e-27   3.36613865e-02   9.66338614e-01]
 [  6.83164188e-45   2.83680743e-26   9.99911217e-01   8.87834087e-05]
 [  7.93732060e-28   7.01305655e-28   9.99999995e-01   5.38902151e-09]
 [  3.54194637e-52   9.52574166e-26   1.00000000e+00   1.19585716e-13]
 [  2.46944298e-21   1.45838223e-29   2.26746173e-02   9.77325383e-01]
 [  6.65501467e-38   4.43209393e-27   9.99999044e-01   9.56349594e-07]
 [  4.50317861e-31   5.76468036e-29   9.98799704e-01   1.20029618e-03]
 [  1.60709551e-30   3.49322058e-26   9.99422223e-01   5.77776862e-04]
 [  2.76286863e-32   3.28008278e-28   9.99950792e-01   4.92075867e-05]
 [  3.41754092e-22   1.98398488e-29   1.69640732e-02   9.83035927e-01]
 [  4.31038226e-40   4.43813283e-29   9.99991618e-01   8.38151859e-06]
 [  8.25952666e-43   2.98653763e-27   9.62451769e-01   3.75482314e-02]
 [  8.83577730e-39   5.01418631e-28   1.00000000e+00   2.05753277e-12]
 [  4.61652523e-38   2.00118632e-29   9.99098750e-01   9.01249550e-04]
 [  1.17474638e-35   3.12144063e-26   8.95134180e-01   1.04865820e-01]
 [  4.95761382e-43   5.39063495e-29   1.82145154e-01   8.17854846e-01]
 [  5.84664604e-43   2.33434548e-28   9.99651889e-01   3.48110896e-04]
 [  2.15256465e-34   1.09901411e-29   6.07336368e-01   3.92663632e-01]]
LL:  
[-105.74468999 -102.38713908 -100.9232494  -100.56259167 -100.47090375
 -100.42368902 -100.38105954 -100.32859548 -100.25305062 -100.13772224
  -99.96938468  -99.7654099   -99.59007391  -99.48719072  -99.43411118
  -99.40121808  -99.37525601  -99.35051058  -99.32374224  -99.2929043
  -99.25772483  -99.22114824  -99.18887591  -99.16500205  -99.15038884
  -99.14435203  -99.14159433  -99.14024756  -99.13956607  -99.13921164
  -99.13902311  -99.13892097]
================================================
completed matrix:  [[ 2.          5.          3.          3.96707092  1.63319707]
 [ 3.          5.          3.65413302  4.          3.        ]
 [ 2.          4.97736634  3.          3.          1.        ]
 [ 4.          4.60559854  4.          5.          2.        ]
 [ 3.          4.          3.65435642  4.00805529  4.        ]
 [ 1.          4.60556438  4.          5.          5.        ]
 [ 2.          5.          3.11374702  3.95393925  1.        ]
 [ 3.          4.60556475  5.          4.          3.        ]
 [ 2.50708526  5.          3.          3.          3.        ]
 [ 2.          4.60578668  3.65403683  3.          3.        ]
 [ 3.          4.          3.          3.          3.        ]
 [ 1.          5.          3.          3.95362305  1.        ]
 [ 4.          5.          3.          4.          3.        ]
 [ 1.          4.          3.63358655  5.          2.        ]
 [ 1.          5.          3.          3.          5.        ]
 [ 3.          5.          3.          4.          3.        ]
 [ 3.          4.64591185  3.5963497   4.          2.        ]
 [ 3.          5.          3.          5.          1.        ]
 [ 2.          4.          5.          5.          3.07450598]
 [ 2.          5.          4.          4.          2.        ]]
ground truth:  [[ 2.  5.  3.  4.  3.]
 [ 3.  5.  3.  4.  3.]
 [ 2.  4.  3.  3.  1.]
 [ 4.  4.  4.  5.  2.]
 [ 3.  4.  4.  4.  4.]
 [ 1.  5.  4.  5.  5.]
 [ 2.  5.  4.  5.  1.]
 [ 3.  4.  5.  4.  3.]
 [ 3.  5.  3.  3.  3.]
 [ 2.  5.  3.  3.  3.]
 [ 3.  4.  3.  3.  3.]
 [ 1.  5.  3.  5.  1.]
 [ 4.  5.  3.  4.  3.]
 [ 1.  4.  3.  5.  2.]
 [ 1.  5.  3.  3.  5.]
 [ 3.  5.  3.  4.  3.]
 [ 3.  5.  4.  4.  2.]
 [ 3.  5.  3.  5.  1.]
 [ 2.  4.  5.  5.  3.]
 [ 2.  5.  4.  4.  2.]]
================================================
rmse:  0.295921646138
================================================
